4, 0
(40,20,3)
4, 0
(40,20,4)
2, 45
(41,21,4)
4, 0
(41,21,5)
2, 45
(42,22,5)
2, 45
(43,23,5)
2, 45
(44,24,5)
2, 45
(45,25,5)
2, 45
(46,26,5)
2, 45
(47,27,5)
2, 45
(48,28,5)
2, 45
(49,29,5)
2, 45
(50,30,5)
1, 90
4, 0
(51,30,6)
2, 45
(52,31,6)
1, 0
(52,32,6)
1, 0
(52,33,6)
1, 0
(52,34,6)
1, 0
(52,35,6)
1, 0
(52,36,6)
1, 0
(52,37,6)
1, 0
(52,38,6)
1, 0
(52,39,6)
1, 0
(52,40,6)
1, 0
(52,41,6)
1, 0
(52,42,6)
1, 0
(52,43,6)
1, 0
(52,44,6)
1, 0
(52,45,6)
1, 0
(52,46,6)
1, 0
(52,47,6)
1, 0
(52,48,6)
1, 0
(52,49,6)
1, 0
(52,50,6)
1, 0
(52,51,6)
1, 0
(52,52,6)
1, 0
(52,53,6)
1, 0
(52,54,6)
1, 90
(53,54,6)
1, 90
(54,54,6)
1, 90
(55,54,6)
1, 90
(56,54,6)
1, 90
(57,54,6)
1, 90
(58,54,6)
1, 90
(59,54,6)
1, 90
(60,54,6)
2, -45
4, 0
(59,55,7)
1, 90
(60,55,7)
1, 90
(61,55,7)
1, 90
(62,55,7)
1, 90
(63,55,7)
1, 90
(64,55,7)
1, 90
(65,55,7)
1, 90
(66,55,7)
1, 90
(67,55,7)
1, 90
5, 0
(68,55,6)
1, 90
(69,55,6)
